layout_spectrum: 0.97582539007999
typography_spectrum: 0.9455084579531103
color:
  brandStrength: 0.554220502031967
  lightness: 0.7471560495905578
  saturation: 0.2057812293060124
  rhythmicContrast: 0.41949053504504263
name: 'brightmoves '
